---
title: "语义特征GICP点云配准方案"
collection: projects
type: "Project"
permalink: /projects/2022-05-26-sgicp
venue: "CICV"
date: 2022-05-26
location: "Beijing, China"
---

语义特征GICP点云配准方案

## GICP点云配准方案

### GICP算法原理

与传统ICP一样地，最近点的搜索仍旧使用基于欧氏距离的方法，便于使用kd-tree进行搜索过程的加速。假设两个有序点集

$$
A=\{a_i\}_{i=1,\dots,N}
$$

$$
B=\{b_i\}_{i=1,\dots,N}
$$

其中\\(a_i\\)和\\(b_i\\)表示具有关联关系的一对点。

假设这两个点集分别采样自高斯概率分布，即\\(a_i\sim\mathcal{N}(\hat{a}_i,C^A_i)\\)和\\(b_i\sim\mathcal{N}(\hat{b}_i,C^B_i)\\)，对于正确的传感器位姿变换\\(T^*\\)，有

$$
\hat{b}_i=T^*\hat{a}_i
$$

对于未经优化的位姿变换\\(T\\)，定义残差\\(d_i(T)=b_i-Ta_i\\)。由于\\(a_i\\)和\\(b_i\\)采样自相互独立的高斯分布，因此有

$$
\begin{aligned}
d_i(T^*)&\sim\mathcal{N}
\left(\hat{b}_i-T^*\hat{a}_i,C_i^B+T^*C_i^AT^{*T}\right)\\
&=\mathcal{N}
\left(0,C_i^B+T^*C_i^AT^{*T}\right)
\end{aligned}
$$

接下来，使用MLE方法对\\(T\\)进行求解。

$$
\begin{aligned}
T=&\arg\max_T\prod_ip(d_i(T))
=\arg\max_T\sum_i\log(p(d_i(T)))\\
&\arg\min_T
\sum_i
d_i(T)^T
(C_i^B+TC_i^BT^T)^{-1}
d_i(T)\\
\end{aligned}
$$

上式给出了GICP算法的优化目标，其中协方差矩阵\\(C_i^B\\)和\\(C_i^A\\)的具体形式不同时，GICP可退化为不同类型的ICP算法变种形式。当满足\\(C_i^B=I,C_i^A=0\\)时，即退化为传统ICP算法。

GICP算法的实现基于一个基本假设，即待匹配点云采样自三维空间中的二维微分流形(2-manifold)，满足局部可微性。对于同一场景的两次数据采集，无法保证每次采样的点都位于同一位置，因此，每个点只在局部表面法向量的方向上提供较强约束。基于此，假设每个点都采样自某个特定的分布，其特点是在表面法向量方向上的协方差非常小，而沿该点所在局部平面分布的协方差很大。例如，对于法向量沿x轴分布的点，其协方差矩阵定义为

$$
C_e=
\begin{bmatrix}
\epsilon & 0 & 0 \\
0 & 1 & 0 \\
0 & 0 & 1
\end{bmatrix}
$$

其中\\(\epsilon\\)表示一个非常小的数，代表点的分布在法向量方向上的不确定度很小。令\\(\mu_i\\)和\\(\nu_i\\)分别表示\\(b_i\\)和\\(a_i\\)处的法向量，\\(R_\alpha\\)代表将x轴旋转至向量\\(\alpha\\)的变换，则\\(C_i^B\\)和\\(C_i^A\\)可以计算为

$$
\begin{aligned}
&C_i^B=
R_{\mu_i}C_eR_{\mu_i}^T\\
&C_i^A=
R_{\nu_i}C_eR_{\nu_i}^T
\end{aligned}
$$

<img src="https://sunqinxuan.github.io/images/projects-2022-05-26-img1.png" alt="gicp_illus" style="zoom:80%;" />

图1 plane-to-plane distance

### Semantic-GICP算法设计

对于面向AVP的语义SLAM方案，语义标线在三维空间中多以线条形式存在，因此，以上对于GICP算法的假设便不再适用，待匹配点云应采样自三维空间中的一维微分流形(1-manifold)，也满足局部可微，而采样点的局部结构则应以直线的形式进行拟合。基于以上考虑，设计并提出针对AVP场景的Semantic-GICP (SGICP)算法。

假设每个点都采样自某一个方向上有很大的不确定度，而另外两个方向上有较小不确定度的线状分布，即

$$
C_e=
\begin{bmatrix}
1 & 0 & 0 \\
0 & \epsilon & 0 \\
0 & 0 & \epsilon
\end{bmatrix}
$$

令\\(\mu_i\\)和\\(\nu_i\\)分别表示\\(b_i\\)和\\(a_i\\)处的局部直线方向向量，\\(R_\alpha\\)代表将x轴旋转至向量\\(\alpha\\)的变换，则\\(C_i^B\\)和\\(C_i^A\\)同样可以计算为

$$
\begin{aligned}
&C_i^B=
R_{\mu_i}C_eR_{\mu_i}^T\\
&C_i^A=
R_{\nu_i}C_eR_{\nu_i}^T
\end{aligned}
$$

这样一来，协方差矩阵在垂直于局部直线方向会为误差函数的求解提供一个相对较强的约束，而在沿直线方向上的约束较弱，极大的降低了错误关联以及采样点处不同几何结构对位姿优化结果的影响。

![img](https://sunqinxuan.github.io/images/projects-2022-05-26-img2.jpeg)

![img](https://sunqinxuan.github.io/images/projects-2022-05-26-img3.jpeg)

![img](https://sunqinxuan.github.io/images/projects-2022-05-26-img4.jpeg)

![img](https://sunqinxuan.github.io/images/projects-2022-05-26-img5.jpeg)

![img](https://sunqinxuan.github.io/images/projects-2022-05-26-img6.jpeg)

![img](https://sunqinxuan.github.io/images/projects-2022-05-26-img7.jpeg)


### 实验结果

| registration method | RPE RMSE (VO) [m] | APE RMSE (optimized) [m] |
| ------------------- | ----------------- | ------------------------ |
| SGICP               | **0.003545**      | **0.023295**             |
| SICP                | 0.007652          | 0.040912                 |
| ICP (PCL)           | 0.008463          | 0.034878                 |
| ICP_SVD             | 0.006735          | 0.086893                 |
| ICP_Normal (PCL)    | 0.009387          | 0.043041                 |

表1 多种基于ICP的扫描匹配算法精度对比


![img](https://sunqinxuan.github.io/images/projects-2022-05-26-img8.png)

图2 SGICP的RPE误差曲线


![img](https://sunqinxuan.github.io/images/projects-2022-05-26-img9.png)

图3 SGICP的APE误差轨迹


![img](https://sunqinxuan.github.io/images/projects-2022-05-26-img10.png)

图4 SGICP建图结果


![img](https://sunqinxuan.github.io/images/projects-2022-05-26-img11.png)

图5 多种基于ICP的扫描匹配算法运行时间对比


## 定位退化情况的判定与处理

### 视觉里程计定位退化情况判定

在视觉里程计扫描匹配中，计算目标函数的Hessian矩阵计算并对其进行特征根分解得到

$$
\boldsymbol H=
\frac{\partial^2J}{\partial\xi^2}=
\boldsymbol U \boldsymbol\Lambda \boldsymbol U^T
$$

其中\\(\boldsymbol U\\)和\\(\boldsymbol\Lambda\\)分别表示\\(\boldsymbol H\\)的特征向量和特征根。

$$
\boldsymbol U=
\begin{bmatrix}
\boldsymbol u_1 & \boldsymbol u_2 & \boldsymbol u_3 &
\boldsymbol u_4 & \boldsymbol u_5 & \boldsymbol u_6
\end{bmatrix} 
$$

$$
\boldsymbol\Lambda=
{\rm diag}\{\lambda_1,\lambda_2,\lambda_3,\lambda_4,\lambda_5,\lambda_6\}
$$

\\(\boldsymbol u_i,i=1,\cdots,6\\)表示六维位姿空间的一组正交基底，而\\(\lambda_i,i=1,\cdots,6\\)则表示对应方向上，目标函数\\(J\\)对位姿求解的约束情况。当\\(\lambda_i=0\\)时，则在\\(\boldsymbol u_i\\)方向上存在定位退化情况。

### Hessian矩阵求解

对于扫描匹配的位姿求解方法，目标函数的Hessian矩阵求解推导过程如下：

<img src="https://sunqinxuan.github.io/images/projects-2022-05-26-img12.jpeg" alt="3238_1652435351_hd" style="zoom: 17%;" />

在假设旋转变换\\(\boldsymbol R\\)所对应的旋转角度较小的前提下（在帧间扫描匹配的应用场景下，这样的假设是合理的），\\(\frac{\partial\boldsymbol e_i}{\partial\boldsymbol\phi}\\)的具体推导过程如下图所示。

<img src="https://sunqinxuan.github.io/images/projects-2022-05-26-img13.jpeg" alt="13" style="zoom:17%;" />

相关代码实现如下：

```c++
// models/registration/registration_interface.hpp

Eigen::Matrix<float, 6, 6> RegistrationInterface::GetCovariance()
{
  Eigen::Matrix<float, 6, 6> hessian;
  hessian.setZero();
  for (std::size_t i = 0; i < input_source_->size(); i++) {
    Eigen::Vector3f p(input_source_->at(i).x, input_source_->at(i).y, input_source_->at(i).z);
    Eigen::Matrix3f p_skew = Converter::toSkewSym(p);
    hessian.block<3, 3>(0, 0) += Eigen::Matrix3f::Identity();
    hessian.block<3, 3>(0, 3) += -p_skew;
    hessian.block<3, 3>(3, 0) += p_skew;
    hessian.block<3, 3>(3, 3) += -p_skew * p_skew;
  }
  hessian /= input_source_->size();
  Eigen::Matrix<float, 6, 6> cov = hessian.inverse() * GetFitnessScore();
  return cov;
}
```

目前代码在`RegistrationInterface`接口类中，Hessian矩阵用于位姿协方差的计算，未曾考虑定位退化的情况。而协方差的计算结果在基于`Ceres`实现的位姿图优化中，将直接用于优化边权重，即信息矩阵的计算，计算采用的是矩阵伪逆的形式。

```c++
// models/graph_optimizer/ceres/ceres_graph_optimizer.cpp

Eigen::MatrixXd CeresGraphOptimizer::CalculateInformationMatrix(Eigen::MatrixXd cov)
{
  Eigen::SelfAdjointEigenSolver<Eigen::MatrixXd> es;
  es.compute(cov);
  Eigen::VectorXd Lambda = es.eigenvalues();
  Lambda = Lambda.cwiseAbs();
  Eigen::MatrixXd U = es.eigenvectors();
  Eigen::MatrixXd inv_Lambda = Eigen::MatrixXd::Zero(cov.rows(), cov.rows());
  for (int i = 0; i < inv_Lambda.rows(); i++) {
    if (Lambda(i) > 1e-13) {
      inv_Lambda(i, i) = 1.0 / Lambda(i);
    }
  }
  Eigen::MatrixXd info = U * inv_Lambda * U.transpose();
  return info;
}
```

如果进一步考虑旋转角度较大的情况，即不再做\\(\phi\\)较小的假设，使得Jacobian与Hessian矩阵的计算可以适用于任何情况，则需要进行进一步严格的推导，具体推导过程如下图所示。其中\\(\boldsymbol J\\)表示\\(SO(3)\\)的left Jacobian，具体计算方式为

$$
\boldsymbol J=
\frac{\sin\phi}{\phi}\boldsymbol I+
\left(1-\frac{\sin\phi}{\phi}\right)\boldsymbol a\boldsymbol a^T+
\frac{1-\cos\phi}{\phi}\boldsymbol a^\wedge \\
$$

其中

$$
\phi=|\boldsymbol\phi|, \quad
\boldsymbol a=\frac{\phi}{|\phi|}
$$

<img src="https://sunqinxuan.github.io/images/projects-2022-05-26-img14.jpeg" alt="11" style="zoom: 25%;" />

<img src="https://sunqinxuan.github.io/images/projects-2022-05-26-img15.jpeg" alt="12" style="zoom:20%;" />

<img src="https://sunqinxuan.github.io/images/projects-2022-05-26-img16.jpeg" alt="3499_1653463955_hd" style="zoom:18%;" />


### 关于观测数据坐标导致Hessian矩阵数值差异的问题

阅读文献：`Bengtsson O, Baerveldt A J. Robot localization based on  scan-matching - estimating the covariance matrix for the IDC algorithm[J]. Robotics & Autonomous Systems, 2003, 44(1):29-40`。

在使用线性最小二乘做参数辨识时，参数不确定度的无偏估计为

$$
\boldsymbol C(\hat{\boldsymbol\xi})=
(\boldsymbol M^T\boldsymbol M)^{-1}\sigma^2
$$

其中\\(\sigma^2\\)为噪声的方差，在求解的过程中，同样可以对\\(\sigma^2\\)进行无偏估计。

$$
\hat{\sigma}^2=
\frac{E(\hat{\boldsymbol\xi})}
{N-6}
$$

可以看出，参数的不确定度估计主要由三个因素来决定，即：观测数据的数值、最优估计处的目标函数值、观测数据量。针对扫描匹配问题，在观测矩阵\\(\boldsymbol M\\)中，只包含目标函数中被变换点云的点坐标信息（由于对旋转向量\\(\boldsymbol\phi\\)进行线性化，而旋转变换只作用于被变换点云）。

<img src="https://sunqinxuan.github.io/images/projects-2022-05-26-img17.jpeg" alt="21" style="zoom: 33%;" />

<img src="https://sunqinxuan.github.io/images/projects-2022-05-26-img18.jpeg" alt="22" style="zoom: 33%;" />

接着，考虑在不同坐标系表示点云时，使其配准的旋转变换在数值上是否保持一致。经过简单分析（见下图），至少在仅存在位移变换的不同坐标系中，其对应的配准变换的数值是不一致的。

![3738_1653547896_hd](https://sunqinxuan.github.io/images/projects-2022-05-26-img19.jpeg)

### 定位退化情况的判定与处理

在扫描匹配接口类中的`GetCovariance`函数中，对Hessian矩阵的计算进行修改，不对旋转角的大小进行假设，可以适用于任何情况。

对Hessian矩阵进行特征根分解，六个特征向量张成六维位姿空间，相应的特征值则代表了每个方向上的约束强度，当某一方向对应的特征值为零（或很小）时，则说明该方向上出现了定位退化情况。

相对于上一开发阶段中使用`hessian.inverse()`的方法对Hessian矩阵进行求逆处理，此阶段对每个方向的特征值进行处理，对于出现定位退化的方向，在协方差的计算中，对该方向上的方差直接赋零，而在后面`Ceres`图优化中添加边时，对于协方差矩阵特征根为零的方向，同样在信息矩阵的计算中将相应方向的信息值赋零，这样一来，在图优化的过程中，退化方向上的节点残差将不会对优化变量产生影响。

```c++
// models/registration/registration_interface.cpp

Eigen::Matrix<float, 6, 6> RegistrationInterface::GetCovariance()
{
  Eigen::Matrix3f R = cloud_pose_.linear();
  Eigen::Vector3f phi = Converter::Log(R);
  Eigen::Matrix3f J = ComputeJacobianSO3(phi);

  // computation of hessian matrix;
  Eigen::Matrix<float, 6, 6> hessian;
  hessian.setZero();
  for (std::size_t i = 0; i < input_source_->size(); i++) {
    Eigen::Vector3f p(input_source_->at(i).x, input_source_->at(i).y, input_source_->at(i).z);
    Eigen::Matrix3f Rp_skew = Converter::toSkewSym(R * p);
    hessian.block<3, 3>(0, 0) += Eigen::Matrix3f::Identity();
    hessian.block<3, 3>(0, 3) += -Rp_skew * J;
    hessian.block<3, 3>(3, 0) += J.transpose() * Rp_skew;
    hessian.block<3, 3>(3, 3) += -J.transpose() * Rp_skew * Rp_skew * J;
  }
  hessian /= input_source_->size();

  // psedo-inverse of hessian;
  // identify the degeneration;
  Eigen::SelfAdjointEigenSolver<Eigen::Matrix<float, 6, 6>> es;
  es.compute(hessian);
  Eigen::Matrix<float, 6, 1> eigenvalues = es.eigenvalues().cwiseAbs();
  Eigen::Matrix<float, 6, 6> eigenvectors = es.eigenvectors();
  Eigen::Matrix<float, 6, 6> eigenvalues_inv = Eigen::Matrix<float, 6, 6>::Zero();
  for (int i = 0; i < 6; i++) {
    if (eigenvalues(i) > 1e-7) {
      eigenvalues_inv(i, i) = 1.0 / eigenvalues(i);
    }
  }
  Eigen::Matrix<float, 6, 6> hessian_inv = eigenvectors * eigenvalues_inv * eigenvectors.transpose();

  Eigen::Matrix<float, 6, 6> cov = hessian_inv * GetFitnessScore();

  return cov;
}
Eigen::Matrix3f RegistrationInterface::ComputeJacobianSO3(const Eigen::Vector3f &phi)
{
  float phy = phi.norm();
  if (phy < 1e-7)
    return Eigen::Matrix3f::Identity();
  else {
    Eigen::Vector3f a = phi / phy;
    return Eigen::Matrix3f::Identity() * sin(phy) / phy + a * a.transpose() * (1 - sin(phy) / phy) +
           Converter::toSkewSym(a) * (1 - cos(phy)) / phy;
  }
}
```

```
[registration] eigenvalues = 0.989348 0.993552 0.999998  16.0163  23.1255  39.1119
[registration] eigenvectors = 
    0.175787      0.83729    -0.517577  -0.00691053     -0.00154    0.0103471
    0.160605    -0.543076    -0.824139   0.00221123   -0.0047209  -0.00649815
     0.97098   -0.0617677     0.230019  -0.00762599   -0.0203846 -2.94937e-06
  -0.0172826   0.00442972 -1.11965e-06     0.307042    -0.951527  -0.00144674
   0.0142625   0.00544714  5.02623e-08     0.951635     0.306846   -0.0018499
 0.000771046    0.0121771 -8.35513e-07  -0.00229072  0.000823814    -0.999923
```

<img src="https://sunqinxuan.github.io/images/projects-2022-05-26-img20.png" alt="2" style="zoom: 50%;" />


```
[registration] eigenvalues =  0.99732 0.998226 0.999998  20.8495  25.4666  46.2896
[registration] eigenvectors = 
  -0.0292447    -0.998948   -0.0345322   -0.0054239 -0.000870817   0.00508309
    0.432673    0.0184886     -0.90135   0.00107524  -0.00440993 -0.000194337
   -0.901015    0.0413031    -0.431713  -0.00181522   0.00929514 -1.31404e-07
  -0.0105017  0.000108864 -8.05822e-06     0.194108    -0.980924 -4.25527e-06
-0.000225524  -0.00549407 -2.96679e-07     0.980962     0.194117   -0.0010237
 0.000232297   0.00507578   3.1432e-07   0.00103292  0.000198134     0.999986
```

<img src="https://sunqinxuan.github.io/images/projects-2022-05-26-img21.png" alt="5" style="zoom:50%;" />


```
[registration] eigenvalues = 0.500933 0.709362        1  15.3146  22.2708   37.364
[registration] eigenvectors = 
  -0.0335301     0.117831    -0.992398   0.00120082  -0.00503306    0.0105361
  0.00131298     0.989025     0.118326   0.00369037  0.000745354    0.0883873
    0.987821   0.00270144   -0.0338427   -0.0223112     0.150199  6.81956e-05
  -0.0108242  -0.00527782 -1.53668e-08     0.976117     0.216273    0.0166375
   -0.151548  0.000386434  1.62661e-07      -0.2154     0.964694  -0.00121469
-0.000166557    0.0889363  9.39908e-08    0.0169086   0.00245959    -0.995891
```

<img src="https://sunqinxuan.github.io/images/projects-2022-05-26-img22.png" alt="8" style="zoom:50%;" />



```
[registration] eigenvalues =  0.81157 0.922223        1  10.7131  24.3138  34.8954
[registration] eigenvectors = 
  -0.0296467     0.577013    -0.815721   0.00219719  -0.00417403    0.0274864
  -0.0746723    -0.814124    -0.574455    0.0103402  2.71433e-05    -0.039003
   -0.988912    0.0442767    0.0678315     0.113994   -0.0499667  0.000232017
    0.105782   0.00312969 -7.30797e-08     0.982783      0.15128  -0.00719585
  -0.0663682   0.00480734  5.81408e-08    -0.144904     0.987144   -0.0110124
  0.00184005    0.0476064 -1.66578e-08   -0.0057998   -0.0121017    -0.998774
```

<img src="https://sunqinxuan.github.io/images/projects-2022-05-26-img23.png" alt="10" style="zoom:50%;" />



### 退化场景测试与问题分析

仿真数据中不存在退化场景，因此，在语义点重构部分代码处，筛选单一语义标签的点云（增加第10行，筛选语义标签为5的语义点，即车道中心线上的语义点），手动生成定位退化场景。

```c++
  // data_pretreat/data_pretreat_flow.cpp

  for (int u = 0; u < img_height; u++) {
    for (int v = 0; v < img_width; v++) {
      rgb[0] = current_vision_data_.image[u * img_width * 3 + v * 3 + 2];
      rgb[1] = current_vision_data_.image[u * img_width * 3 + v * 3 + 1];
      rgb[2] = current_vision_data_.image[u * img_width * 3 + v * 3 + 0];
      std::map<unsigned long, unsigned char>::iterator it = semantic_label_map_.find(RGB2Key(rgb));
      if (it != semantic_label_map_.end()) {
        if (it->second != 5) continue;
        // semantic landmark pixels;
        current_cloud_data_.cloud_ptr->push_back(Pixel2Point(u, v, it->second, px_width, cx));
        mark[u][v] = 255;
      }
    }
  }
```

运行结果与相应语义点云如下：

```
[registration] eigenvalues = 0.000247547 0.676283  1  4.10213  20.2055 23.6316
[registration] eigenvectors = 
  0.00141902     0.769248    -0.632291  0.000670215  -0.00017796    0.0920006
  -0.0482712    -0.626846    -0.773666   -0.0227798   0.00612038   -0.0749701
    -0.89717    0.0349437    0.0406262    -0.423379     0.113786    0.0041774
    0.438843 -0.000190148  -7.9749e-08    -0.859574     0.261814   0.00158868
   0.0130772   0.00638164  6.89979e-08      -0.2849    -0.956962   -0.0533357
 1.33349e-06      0.11858  2.30429e-07    0.0139493     0.051898    -0.991489
```

<img src="https://sunqinxuan.github.io/images/projects-2022-05-26-img24.png" alt="Screenshot from 2022-05-26 15-05-30" style="zoom: 50%;" />

从运行结果中可以看到，存在一个维度的退化现象，但该维度的方向与设想存在偏差。

对于三维空间中呈线状分布的扫描数据，理论上应存在两个退化方向（如下图所示）：一是沿着线方向的位移，二是以线为轴，以线到坐标原点距离为半径的圆周运动。由于本项目主要针对三维空间中车体在地图上的运动，因此，这两种退化中更值得我们关注的是第一种。

而在上面所展示的运行结果中，反而是只给出了第二种退化的方向。

<img src="https://sunqinxuan.github.io/images/projects-2022-05-26-img25.jpeg" alt="3779_1653550850_hd" style="zoom:17%;" />

分析原因是目标函数定义为点对点的匹配，并且在已知对应关系的基础上，因此不存在上图方向一的退化情况。

基于上述分析，对于不同类型的ICP算法，调整求解Hessian矩阵所使用的目标函数的形式。以SGICP为例，在`registration_interface`接口类中，保留目标函数中的信息矩阵项，并在计算Hessian矩阵时将其考虑进去，这样就降低了残差项对于沿车道线方向上的运动的约束强度，进而辨识出沿车道线方向上的退化情况。

$$
\boldsymbol H=
\sum^N_{i=1}
\begin{bmatrix}
\boldsymbol\Omega_i & 
-\boldsymbol\Omega(\boldsymbol R\boldsymbol x_i)^\wedge\boldsymbol J \\
\boldsymbol J^T(\boldsymbol R\boldsymbol x_i)^\wedge\boldsymbol\Omega_i &
-\boldsymbol J^T(\boldsymbol R\boldsymbol x_i)^\wedge\boldsymbol\Omega_i(\boldsymbol R\boldsymbol x_i)^\wedge\boldsymbol J
\end{bmatrix}
$$

代码修改情况如下，主要是第14-17行的Hessian矩阵计算加入了接口类中保存的`informations_`。

```c++
// models/registration/registration_interface.cpp

Eigen::Matrix<float, 6, 6> RegistrationInterface::GetCovariance()
{
  Eigen::Matrix3f R = cloud_pose_.linear();
  Eigen::Vector3f phi = Converter::Log(R);
  Eigen::Matrix3f J = ComputeJacobianSO3(phi);

  Eigen::Matrix<float, 6, 6> hessian;
  hessian.setZero();
  for (std::size_t i = 0; i < input_source_->size(); i++) {
    Eigen::Vector3f p(input_source_->at(i).x, input_source_->at(i).y, input_source_->at(i).z);
    Eigen::Matrix3f Rp_skew = Converter::toSkewSym(R * p);
    hessian.block<3, 3>(0, 0) += informations_[i];
    hessian.block<3, 3>(0, 3) += -informations_[i] * Rp_skew * J;
    hessian.block<3, 3>(3, 0) += J.transpose() * Rp_skew * informations_[i];
    hessian.block<3, 3>(3, 3) += -J.transpose() * Rp_skew * informations_[i] * Rp_skew * J;
  }
  hessian /= input_source_->size();

  Eigen::SelfAdjointEigenSolver<Eigen::Matrix<float, 6, 6>> es;
  es.compute(hessian);
  Eigen::Matrix<float, 6, 1> eigenvalues = es.eigenvalues().cwiseAbs();
  Eigen::Matrix<float, 6, 6> eigenvectors = es.eigenvectors();
  Eigen::Matrix<float, 6, 6> eigenvalues_inv = Eigen::Matrix<float, 6, 6>::Zero();
  for (int i = 0; i < 6; i++) {
    if (eigenvalues(i) > 1e-7) {
      eigenvalues_inv(i, i) = 1.0 / eigenvalues(i);
    }
  }
  Eigen::Matrix<float, 6, 6> hessian_inv = eigenvectors * eigenvalues_inv * eigenvectors.transpose();

  Eigen::Matrix<float, 6, 6> cov = hessian_inv * GetFitnessScore(); 
    
  return cov;
}

// models/registration/sgicp_registration.cpp
// SGICPRegistration::ScanMatch
  cloud_pose_ = result_pose;
  input_source_.reset(new CloudData::CLOUD());
  informations_.resize(0);
  for (std::size_t i = 0; i < SEMANTIC_NUMS; i++) {
    for (std::size_t j = 0; j < source_indices_group[i].size(); j++) {
      std::size_t idx = source_indices_group[i][j];
      input_source_->push_back(input_source_group_[i]->at(idx));
      informations_.push_back(group_informations_[i][idx]);
    }
  }
```

调整后的运行结果如下所示，可以看到出现了两个退化方向，即绕车道中心线的圆周运动，以及沿车道中心线方向的平移运动。

```
[registration] eigenvalues = 0.123623 0.935589  173.807  2041.44  4730.2  10028.3
[registration] eigenvectors = 
  0.00131299     0.999372   -0.0353092  0.000280167  -0.00273564 -1.18781e-05
  -0.0481662    0.0354307     0.993402  -0.00717455    0.0976024  0.000664447
    -0.89737 -0.000350337   -0.0468704    -0.423313   0.00242729     0.115456
    0.438455  0.000181967    0.0133516    -0.858807    0.0154893     0.264176
   0.0127312  1.84039e-05  -0.00151271    -0.287942   0.00702575    -0.957536
 2.14243e-06 -0.000729898   -0.0976181    0.0171383     0.995074   0.00230166
```

<img src="https://sunqinxuan.github.io/images/projects-2022-05-26-img24.png" alt="Screenshot from 2022-05-26 15-05-30" style="zoom: 50%;" />

由于本项目主要针对车体在地平面上的二维空间运动，因此不必要对三维空间中的所有退化情况进行检测，例如上述的退化方向二，即绕车道线方向的圆周运动方向，在现实中车体不可能产生那样的运动情况，因此不在本项目的考虑范围内。

### 二维平面位姿子空间提取

在进行定位退化判定时，需要在六维位姿空间中提取出二维平面运动所需的三维位姿子空间，定义选择矩阵\\(\boldsymbol S\\)为

$$
\boldsymbol S=
\begin{bmatrix}
1 & 0 & 0 & 0 & 0 & 0 \\
0 & 1 & 0 & 0 & 0 & 0 \\
0 & 0 & 0 & 0 & 0 & 1 \\
\end{bmatrix}
$$

则与三维空间位姿\\(\boldsymbol\xi\\)所对应的二维平面位姿\\(\boldsymbol\zeta\\)可以计算为

$$
\boldsymbol\zeta=\boldsymbol S\boldsymbol\xi
$$

<img src="https://sunqinxuan.github.io/images/projects-2022-05-26-img26.jpeg" alt="3988_1653619917_hd" style="zoom:17%;" />

通过以下代码对二维位姿子空间的提取过程进行测试：

```c++
// models/registration/registration_interface.cpp

bool RegistrationInterface::DetectDegeneration()
{
  Eigen::Matrix<float, 3, 6> selection = Eigen::Matrix<float, 3, 6>::Zero();
  selection(0, 0) = 1.0;
  selection(1, 1) = 1.0;
  selection(2, 5) = 1.0;

  for (std::size_t i = 0; i < hessian_eigenvectors_.cols(); i++) {
    Eigen::Vector3f zeta = selection * hessian_eigenvectors_.col(i);
		if(zeta.norm()<0.1) continue;
    std::cout << "\t" << std::fixed << hessian_eigenvalues_(i) 
              << ",\t" << std::fixed << zeta.transpose() << std::endl;
  }
  std::cout << std::endl;

  return false;
}
```

非退化情况的运行结果如下：

```yaml
#	eigenvalue,		\zeta (x,y,\theta)
	103.260437,	 	0.824976  0.561732 -0.061943
	151.702866,	 	0.564546 -0.823937  0.047920
	11549.036133,	-0.024072 -0.074255 -0.994592
```

<img src="https://sunqinxuan.github.io/images/projects-2022-05-26-img27.png" alt="Screenshot from 2022-05-27 11-10-50" style="zoom:50%;" />

退化情况的运行结果如下：

从下面的运行结果中可以看到，仅能检测到一条车道线时，在车体运行方向，即`x-axis`的位移方向上，出现定位退化现象。

```yaml
#	eigenvalue,		\zeta (x,y,\theta)
	0.970717,	 	0.999650  0.026427 -0.000666
	186.364090,		-0.026334  0.994499 -0.088648
	4223.989258,	-0.001679  0.088677  0.995910
```

<img src="https://sunqinxuan.github.io/images/projects-2022-05-26-img28.png" alt="Screenshot from 2022-05-27 11-15-09" style="zoom:50%;" />

### 位移旋转对应特征根数值差异问题

从上述结果中可以看出，位姿空间中的位移方向和旋转方向所对应的特征根在数值上存在较大差异。引起这一问题的根本原因是其所本质物理含义和量纲都是不同的，导致Hessian矩阵计算方式中自然地包含二者数值上的差异。针对此差异在退化判定中的影响，使用以下代码生成圆形分布的点云数据（即使定位在旋转维度上产生退化），对运行结果进行观察和分析。

```c++
// data_pretreat/data_pretreat_flow.cpp
// bool DataPretreatFlow::LMRestructure()

  //for (int u = 0; u < img_height; u++) {
  //  for (int v = 0; v < img_width; v++) {
  //    rgb[0] = current_vision_data_.image[u * img_width * 3 + v * 3 + 2];
  //    rgb[1] = current_vision_data_.image[u * img_width * 3 + v * 3 + 1];
  //    rgb[2] = current_vision_data_.image[u * img_width * 3 + v * 3 + 0];
  //    std::map<unsigned long, unsigned char>::iterator it = semantic_label_map_.find(RGB2Key(rgb));
  //    if (it != semantic_label_map_.end()) {
  //      if (it->second != 5) continue;
  //      // semantic landmark pixels;
  //      current_cloud_data_.cloud_ptr->push_back(Pixel2Point(u, v, it->second, px_width, cx));
  //      mark[u][v] = 255;
  //    }
  //  }
  //}
	for(int i=0;i<1000;i++)
	{
		float radius=5.0;
		float angle=float(i)*M_PI*2.0/1000.0;
		float center_x=2.0, center_y=2.0;
		CloudData::POINTXYZI pt;
		pt.x=radius*cos(angle)+center_x;
		pt.y=radius*sin(angle)+center_y;
		pt.z=0.0;
		pt.intensity=1.999;
		current_cloud_data_.cloud_ptr->push_back(pt);
	}
```

设置五种参数生成点云，运行结果分别列出如下：

`radius=1, center_x=0, center_y=0`

```yaml
#	eigenvalue,		\zeta (x,y,\theta)
	0.561985,		-0.000036 -0.000780 -1.000000
	219.874573,		-0.531902 -0.846806  0.000680
	234.954880,	 	0.846806 -0.531901  0.000385
```

<img src="https://sunqinxuan.github.io/images/projects-2022-05-26-img29.png" alt="Screenshot from 2022-05-27 13-51-10" style="zoom:50%;" />

`radius=1, center_x=2, center_y=2`

```yaml
#	eigenvalue,		\zeta (x,y,\theta)
	0.061274,		-0.666107  0.667123 -0.333539
	218.766922,		-0.709544 -0.704620  0.007687
	2089.051025,	 0.229890 -0.241781 -0.942705
```

<img src="https://sunqinxuan.github.io/images/projects-2022-05-26-img30.png" alt="Screenshot from 2022-05-27 13-47-02" style="zoom:50%;" />

`radius=5, center_x=0, center_y=0`

```yaml
#	eigenvalue,		\zeta (x,y,\theta)
	13.034241,		-0.000452 -0.000177  1.000000
	232.320877,		-0.419103 -0.907939 -0.000350
	248.135757,	 	0.907938 -0.419103  0.000336
```

<img src="https://sunqinxuan.github.io/images/projects-2022-05-26-img31.png" alt="Screenshot from 2022-05-27 13-44-57" style="zoom:50%;" />

`radius=5, center_x=2, center_y=2`

```yaml
#	eigenvalue,		\zeta (x,y,\theta)
	1.442972,		-0.667143  0.666986 -0.331739
	234.465637,		-0.705799 -0.708396 -0.004888
	2236.154297,	 0.238263 -0.230880 -0.943359
```

<img src="https://sunqinxuan.github.io/images/projects-2022-05-26-img32.png" alt="Screenshot from 2022-05-27 13-42-45" style="zoom:50%;" />

`radius=10, center_x=0, center_y=0`

```yaml
#	eigenvalue,		\zeta (x,y,\theta)
	52.092850,		-0.005853 -0.009619  0.999937
	229.914993,		-0.934878 -0.354857 -0.008886
	249.794281,		-0.354920  0.934871  0.006916
```

<img src="https://sunqinxuan.github.io/images/projects-2022-05-26-img33.png" alt="Screenshot from 2022-05-27 13-53-45" style="zoom:50%;" />

从以上结果可以看出，呈现相同分布的点云数据，其坐标数值大小以及车体中心的位置对于旋转空间和位移空间所对应的特征根的相对数值大小还是有很大影响的。虽然在直观上都可以明显判断出退化情况，但是这样的数据差异使得定量评价程序的编写有着很大的困难。

针对上述问题，考虑在计算Hessian矩阵时，对点云坐标值做归一化处理，使得旋转空间与位移空间在数值上具有一定的可比性。

具体代码修改如下所示。第9-14行为归一化缩放比例的计算，并在第19行进行坐标值的归一化缩放。

```c++
// models/registration/registration_interface.cpp

RegistrationInterface::Matrix6f RegistrationInterface::GetCovariance()
{
  Eigen::Matrix3f R = cloud_pose_.linear();
  Eigen::Vector3f phi = Converter::Log(R);
  Eigen::Matrix3f J = ComputeJacobianSO3(phi);

  float ratio = 0.0;
  for (std::size_t i = 0; i < input_source_->size(); i++) {
    Eigen::Vector3f p(input_source_->at(i).x, input_source_->at(i).y, input_source_->at(i).z);
    ratio += p.norm();
  }
  ratio /= float(input_source_->size());

  Matrix6f hessian = Matrix6f::Zero();
  for (std::size_t i = 0; i < input_source_->size(); i++) {
    Eigen::Vector3f p(input_source_->at(i).x, input_source_->at(i).y, input_source_->at(i).z);
    Eigen::Matrix3f Rp_skew = Converter::toSkewSym(R * p / ratio);
    hessian.block<3, 3>(0, 0) += informations_[i];
    hessian.block<3, 3>(0, 3) += -informations_[i] * Rp_skew * J;
    hessian.block<3, 3>(3, 0) += J.transpose() * Rp_skew * informations_[i];
    hessian.block<3, 3>(3, 3) += -J.transpose() * Rp_skew * informations_[i] * Rp_skew * J;
  }
  hessian /= input_source_->size();

  Eigen::SelfAdjointEigenSolver<Matrix6f> es;
  es.compute(hessian);
  hessian_eigenvalues_ = es.eigenvalues().cwiseAbs();
  hessian_eigenvectors_ = es.eigenvectors();
  Matrix6f eigenvalues_inv = Matrix6f::Zero();
  for (int i = 0; i < 6; i++) {
    if (hessian_eigenvalues_(i) > 1e-7) {
      eigenvalues_inv(i, i) = 1.0 / hessian_eigenvalues_(i);
    }
  }
  Matrix6f hessian_inv = hessian_eigenvectors_ * eigenvalues_inv * hessian_eigenvectors_.transpose();

  Matrix6f cov = hessian_inv * GetFitnessScore();  // / float(input_source_->size());

  return cov;
}
```

经过归一化处理后，运行结果如下。

从下列结果可以看出来，经过归一化缩放之后，特征根的数值具有了较强的可比性。

`radius=1, center_x=2, center_y=2`

```yaml
#	eigenvalue,		\zeta (x,y,\theta)
	0.032639,		-0.488264  0.487968 -0.723523
	216.304810,		-0.717490 -0.696418  0.014505
	459.038208,	 	0.496797 -0.526202 -0.690148
```

<img src="https://sunqinxuan.github.io/images/projects-2022-05-26-img34.png" alt="Screenshot from 2022-05-27 14-45-59" style="zoom:50%;" />

`radius=5, center_x=0, center_y=0`

```yaml
#	eigenvalue,		\zeta (x,y,\theta)
	0.519825,		-0.000118 -0.000188 -1.000000
	236.314728,		-0.948404 -0.317065  0.000172
	244.470551,		-0.317065  0.948404 -0.000141
```

<img src="https://sunqinxuan.github.io/images/projects-2022-05-26-img35.png" alt="Screenshot from 2022-05-27 14-49-07" style="zoom:50%;" />

`radius=5, center_x=2, center_y=2`

```yaml
#	eigenvalue,		\zeta (x,y,\theta)
	0.348308,	 	0.327198 -0.326727  0.886674
	234.227524,	 	0.778812  0.624642 -0.057223
	308.854462,		-0.535157  0.709276  0.458841
```

<img src="https://sunqinxuan.github.io/images/projects-2022-05-26-img36.png" alt="Screenshot from 2022-05-27 14-47-45" style="zoom:50%;" />

`radius=10, center_x=0, center_y=0`

```yaml
#	eigenvalue,		\zeta (x,y,\theta)
	0.520339,		-0.000222 -0.000126 -1.000000
	230.980103,		-0.820820  0.571187  0.000110
	250.389847,		-0.571187 -0.820820  0.000230
```

<img src="https://sunqinxuan.github.io/images/projects-2022-05-26-img37.png" alt="Screenshot from 2022-05-27 14-50-48" style="zoom:50%;" />



```yaml
#	eigenvalue,		\zeta (x,y,\theta)
	1.066867,		0.999544 0.030179 0.001228
	108.670120,	 	0.020603 -0.710965  0.702741
	286.107941,		-0.022054  0.701577  0.710928
```

<img src="https://sunqinxuan.github.io/images/projects-2022-05-26-img38.png" alt="Screenshot from 2022-05-27 15-07-53" style="zoom:50%;" />



```yaml
#	eigenvalue,		\zeta (x,y,\theta)
	70.690025,	 	0.399140  0.641137 -0.655408
	133.363403,	 	0.909868 -0.351390  0.209567
	337.078064,		-0.095924 -0.681538 -0.724905
```

<img src="https://sunqinxuan.github.io/images/projects-2022-05-26-img39.png" alt="Screenshot from 2022-05-27 15-12-33" style="zoom:50%;" />



```yaml
#	eigenvalue,		\zeta (x,y,\theta)
	2.656141,		0.685688 0.223352 0.692758
	134.606461,	 	0.283069 -0.958660  0.028918
	287.494446,		-0.670594 -0.176274  0.720573
```

<img src="https://sunqinxuan.github.io/images/projects-2022-05-26-img40.png" alt="Screenshot from 2022-05-27 15-56-08" style="zoom:50%;" />


## 相关链接

代码：
- [avm](https://github.com/sunqinxuan/avm)










